201807070400
201807070500
201807070600
201807070700
201807070800
201807070900
201807071000
201807071100
201807071200
201807071300
201807071400
201807131000
201807131100
201807131200
201807131300
201807131400
201807131500
201807131600
201807131700
201807131800
201807131900
201807132000
201807132100
201807132200
201807132300
201807140000
201807150800
201807150900
201807151000
201807151100
201807151200
201807151300
201807151400
201807151500
201807151600
201807151700
201807151800
201807151900
201807152000
201807152100
201807152200
201807152300
201807160000
201807160100
201807160200
201807160300
201807160400
201807160500
201807160600
201807160700
201807160800
201807160900
201807161000
201807161100
201807161200
201807161300
201807161400
201807161500
201807161600
201807161700
201807161800
201807170500
201807170600
201807170700
201807170800
201807170900
201807171000
201807171100
201807181100
201807181200
201807181300
201807181400
201807181500
201807181600
201807181700
201807181800
201807181900
201807190400
201807190500
201807190600
201807190700
201807190800
201807190900
201807191000
201807191100
201807191200
201807191300
201807191400
201807191500
201807191600
201807211300
201807211400
201807211500
201807211600
201807211700
201807211800
201807211900
201807212000
201807212100
201807212200
201807212300
201807220000
201807220100
201807220200
201807220300
201807220400
201807220500
201807220600
201807220700
201807220800
201807220900
201807221000
201807221100
201807221200
201807241000
201807241100
201807241200
201807241300
201807241400
201807241500
201807241600
201807241700
201807241800
201807241900
201807242000
201807242100
201807242200
201807242300
201807250000
201807250100
201807250200
201807250300
201807250400
201807250500
201807250600
201808051100
201808051200
201808051300
201808051400
201808051500
201808051600
201808051700
201808051800
201808051900
201808052000
201808052100
201808052200
201808052300
201808060000
201808060100
201808060200
201808060300
201808060400
201808060500
201808060600
201808060700
201808060800
201808060900
201808061000
201808061100
201808061200
201808061300
201808061400
201808061500
201808061600
201808061700
201808061800
201808061900
201808062000
201808062100
201808062200
201808062300
201808070000
201808070100
201808070200
201808070300
201808070400
201808070500
201808070600
201808070700
201808070800
201808070900
201808071000
201808071100
201808071200
201808071300
201808071400
201808071500
201808071600
201808071700
201808071800
201808071900
201808072000
201808072100
201808072200
201808072300
201808080000
201808080100
201808080200
201808080300
201808080400
201808080500
201808080600
201808080700
201808080800
201808080900
201808081000
201808081100
201808081200
201808081300
201808081400
201808081500
201808081600
201808081700
201808081800
201808081900
201808082000
201808082100
201808082200
201808082300
201808090000
201808090100
201808090200
201808090300
201808090400
201808090500
201808090600
201808090700
201808090800
201808090900
201808100300
201808100400
201808100500
201808100600
201808100700
201808100800
201808100900
201808101000
201808101100
201808101200
201808101300
201808101400
201808101500
201808101600
201808101700
201808101800
201808101900
201808102000
201808102100
201808102200
201808102300
201808110000
201808110400
201808110500
201808110600
201808110700
201808110800
201808110900
201808111000
201808111100
201808111200
201808111300
201808111400
201808111500
201808111600
201808111700
201808111800
201808111900
201808112000
201808112100
201808112200
201808112300
201808120000
201808120100
201808120200
201808120300
201808120400
201808120500
201808120600
201808120700
201808120800
201808120900
201808121000
201808121100
201808121200
201808121300
201808121400
201808121500
201808121600
201808121700
201808121800
201808121900
201808122000
201808122100
201808122200
201808122300
201808130000
201808130100
201808130200
201808130300
201808130400
201808130500
201808130600
201808130700
201808130800